       00 01 02 03 04 05 06 07 08 09 0A 0B 0C 0D 0E 0F
0000   00 0c 29 2e 74 b0 00 50 56 f0 c0 ba 08 00 45 00
0010   00 7e 15 7b 00 00 80 11 84 4a ac 10 24 02 ac 10
0020   24 87 00 35 98 3b 00 6a e8 34 3b 98 81 80 00 01
0030   00 02 00 00 00 00 04 61 72 69 6e 03 6e 65 74 00
0040   00 1c 00 01 04 61 72 69 6e 03 6e 65 74 00 00 1c
0050   00 01 00 00 00 05 00 10 20 01 05 00 00 04 c0 00
0060   00 00 00 00 00 00 00 43 04 61 72 69 6e 03 6e 65
0070   74 00 00 1c 00 01 00 00 00 05 00 10 20 01 05 00
0080   00 04 c0 00 00 00 00 00 00 00 00 44
